82	,	3.25	,	1.84	,	0.74	,	0.108	,	0.065	,	0.229	,	0.003	,	0.018	,	0.101	,	0.043	,	0.011	,	0.01	,	0.002	,	3.9
72.8	,	3.24	,	1.72	,	0.76	,	0.097	,	0.062	,	0.305	,	0.003	,	0.024	,	0.102	,	0.039	,	0.011	,	0.012	,	0.002	,	3.85
82	,	3.37	,	1.89	,	0.72	,	0.093	,	0.062	,	0.173	,	0.004	,	0.022	,	0.06	,	0.061	,	0.015	,	0.01	,	0.002	,	4.04
84.8	,	3.29	,	1.88	,	0.83	,	0.118	,	0.057	,	0.284	,	0.004	,	0.02	,	0.1	,	0.051	,	0.013	,	0.013	,	0.002	,	3.96
86	,	3.23	,	1.78	,	0.77	,	0.101	,	0.067	,	0.267	,	0.009	,	0.017	,	0.109	,	0.037	,	0.011	,	0.011	,	0.001	,	3.86
52	,	3.22	,	1.76	,	0.81	,	0.108	,	0.067	,	0.261	,	0.007	,	0.029	,	0.115	,	0.037	,	0.011	,	0.01	,	0.002	,	3.84
58.8	,	3.47	,	1.77	,	0.63	,	0.114	,	0.062	,	0.094	,	0.007	,	0.016	,	0.115	,	0.057	,	0.012	,	0.03	,	0.002	,	4.09
69.2	,	3.28	,	1.89	,	0.84	,	0.105	,	0.06	,	0.261	,	0.004	,	0.019	,	0.108	,	0.043	,	0.011	,	0.013	,	0.002	,	3.95
84.8	,	3.3	,	1.9	,	0.82	,	0.094	,	0.058	,	0.265	,	0.005	,	0.013	,	0.052	,	0.06	,	0.016	,	0.013	,	0.002	,	3.97
84	,	3.69	,	2.63	,	0.216	,	0.072	,	0.012	,	0.033	,	0.002	,	0.006	,	0.011	,	0.047	,	0.008	,	0.01	,	0.048	,	4.59
73.2	,	3.16	,	1.95	,	0.72	,	0.093	,	0.06	,	0.258	,	0.013	,	0.031	,	0.12	,	0.039	,	0.013	,	0.012	,	0	,	3.84
85.6	,	3.23	,	1.61	,	0.6	,	0.119	,	0.064	,	0.29	,	0.021	,	0.038	,	0.183	,	0.038	,	0.013	,	0.015	,	0.002	,	3.8
81.6	,	3.23	,	1.83	,	0.89	,	0.101	,	0.073	,	0.29	,	0.002	,	0.018	,	0.088	,	0.043	,	0.015	,	0.011	,	0.003	,	3.88
80	,	3.25	,	1.9	,	0.69	,	0.113	,	0.06	,	0.324	,	0.022	,	0.04	,	0.197	,	0.031	,	0.012	,	0.016	,	0.003	,	3.92
85.2	,	3.47	,	1.9	,	0.54	,	0.097	,	0.059	,	0.081	,	0.01	,	0.015	,	0.097	,	0.053	,	0.011	,	0.011	,	0.001	,	4.14
82	,	3.48	,	1.92	,	0.58	,	0.101	,	0.059	,	0.111	,	0.006	,	0.018	,	0.073	,	0.06	,	0.012	,	0.012	,	0.001	,	4.15
76.8	,	3.22	,	1.95	,	0.71	,	0.11	,	0.068	,	0.227	,	0.004	,	0.021	,	0.099	,	0.045	,	0.012	,	0.009	,	0.002	,	3.91
88	,	3.29	,	1.77	,	0.77	,	0.116	,	0.063	,	0.247	,	0.005	,	0.023	,	0.133	,	0.039	,	0.014	,	0.015	,	0.002	,	3.92
86.4	,	3.52	,	1.91	,	0.64	,	0.089	,	0.078	,	0.072	,	0.002	,	0.01	,	0.069	,	0.044	,	0.011	,	0.007	,	0.002	,	4.19
80.8	,	3.25	,	1.89	,	0.81	,	0.111	,	0.079	,	0.259	,	0.006	,	0.019	,	0.105	,	0.048	,	0.013	,	0.014	,	0.002	,	3.92
82	,	3.2	,	1.98	,	0.8	,	0.107	,	0.071	,	0.271	,	0.009	,	0.023	,	0.099	,	0.05	,	0.013	,	0.014	,	0.001	,	3.9
85.2	,	3.29	,	1.84	,	0.75	,	0.096	,	0.076	,	0.226	,	0.008	,	0.014	,	0.063	,	0.061	,	0.015	,	0.011	,	0.001	,	3.94
78	,	3.27	,	1.89	,	0.78	,	0.114	,	0.062	,	0.285	,	0.005	,	0.023	,	0.126	,	0.042	,	0.014	,	0.017	,	0.001	,	3.93
98	,	3.24	,	1.96	,	0.7	,	0.1	,	0.063	,	0.27	,	0.007	,	0.022	,	0.099	,	0.041	,	0.012	,	0.015	,	0.002	,	3.92
78.4	,	3.26	,	1.72	,	0.76	,	0.098	,	0.06	,	0.284	,	0.009	,	0.02	,	0.143	,	0.038	,	0.012	,	0.016	,	0.001	,	3.86
76	,	3.21	,	1.94	,	0.74	,	0.098	,	0.059	,	0.256	,	0.004	,	0.019	,	0.099	,	0.045	,	0.013	,	0.016	,	0.001	,	3.89
84.4	,	3.24	,	1.83	,	0.69	,	0.119	,	0.065	,	0.266	,	0.006	,	0.02	,	0.126	,	0.039	,	0.013	,	0.016	,	0.002	,	3.89
84.8	,	3.39	,	1.87	,	0.74	,	0.116	,	0.07	,	0.169	,	0.005	,	0.018	,	0.0097	,	0.045	,	0.012	,	0.015	,	0.001	,	4.05
86.8	,	3.52	,	1.96	,	0.58	,	0.116	,	0.077	,	0.102	,	0.006	,	0.018	,	0.157	,	0.057	,	0.017	,	0.017	,	0.002	,	4.21
82	,	3.26	,	1.9	,	0.69	,	0.11	,	0.06	,	0.248	,	0.011	,	0.021	,	0.125	,	0.037	,	0.14	,	0.017	,	0	,	3.93
82	,	3.25	,	1.7	,	0.83	,	0.102	,	0.05	,	0.282	,	0.006	,	0.018	,	0.126	,	0.041	,	0.011	,	0.014	,	0.002	,	3.85
82.4	,	3.25	,	1.8	,	0.76	,	0.105	,	0.063	,	0.264	,	0.007	,	0.018	,	0.124	,	0.04	,	0.014	,	0.016	,	0.001	,	3.88
80	,	3.18	,	1.96	,	0.71	,	0.104	,	0.051	,	0.257	,	0.007	,	0.02	,	0.083	,	0.049	,	0.013	,	0.014	,	0.002	,	3.87
80	,	3.3	,	1.89	,	0.79	,	0.109	,	0.064	,	0.262	,	0.005	,	0.022	,	0.12	,	0.038	,	0.012	,	0.014	,	0.002	,	3.97
80	,	3.27	,	1.78	,	0.72	,	0.096	,	0.064	,	0.236	,	0.003	,	0.019	,	0.132	,	0.037	,	0.01	,	0.015	,	0.003	,	3.89
84	,	3.18	,	1.89	,	0.77	,	0.106	,	0.053	,	0.252	,	0.002	,	0.019	,	0.087	,	0.05	,	0.012	,	0.014	,	0.003	,	3.84
72.4	,	3.29	,	1.79	,	0.81	,	0.101	,	0.067	,	3.12	,	0.002	,	0.021	,	0.157	,	0.037	,	0.012	,	0.014	,	0.003	,	3.92
74.4	,	3.25	,	1.92	,	0.78	,	0.097	,	0.067	,	0.276	,	0.005	,	0.019	,	0.121	,	0.041	,	0.01	,	0.015	,	0.002	,	3.92
82.8	,	3.24	,	1.89	,	0.84	,	0.115	,	0.062	,	0.297	,	0.002	,	0.023	,	0.124	,	0.046	,	0.014	,	0.016	,	0.003	,	3.91
88.4	,	3.25	,	1.75	,	0.71	,	0.099	,	0.032	,	0.29	,	0.002	,	0.022	,	0.034	,	0.069	,	0.019	,	0.013	,	0.004	,	3.86
87.2	,	3.21	,	1.83	,	0.79	,	0.106	,	0.066	,	0.271	,	0.007	,	0.024	,	0.146	,	0.035	,	0.012	,	0.017	,	0.003	,	3.85
84	,	3.25	,	1.8	,	0.77	,	0.099	,	0.058	,	0.301	,	0.003	,	0.014	,	0.081	,	0.043	,	0.014	,	0.013	,	0.001	,	3.88
88.2	,	3.23	,	1.8	,	0.7	,	0.124	,	0.063	,	0.297	,	0.008	,	0.03	,	0.086	,	0.038	,	0.011	,	0.014	,	0.002	,	3.87
88.8	,	3.19	,	1.77	,	0.77	,	0.098	,	0.062	,	0.295	,	0.006	,	0.028	,	0.143	,	0.038	,	0.011	,	0.016	,	0.002	,	3.81
84.4	,	3.25	,	1.86	,	0.7	,	0.114	,	0.068	,	0.203	,	0.008	,	0.022	,	0.106	,	0.04	,	0.012	,	0.014	,	0.002	,	3.91
76.8	,	3.28	,	1.81	,	0.72	,	0.094	,	0.054	,	0.211	,	0.002	,	0.018	,	0.117	,	0.038	,	0.01	,	0.014	,	0.002	,	3.92
83.2	,	3.26	,	1.9	,	0.76	,	0.106	,	0.058	,	0.263	,	0.004	,	0.021	,	0.11	,	0.044	,	0.012	,	0.014	,	0.002	,	3.93
74	,	3.27	,	1.88	,	0.79	,	0.115	,	0.063	,	0.257	,	0.003	,	0.02	,	0.101	,	0.045	,	0.013	,	0.014	,	0.002	,	3.94
80	,	3.26	,	1.86	,	0.87	,	0.108	,	0.055	,	0.273	,	0.003	,	0.016	,	0.097	,	0.046	,	0.013	,	0.013	,	0.001	,	3.91
84	,	3.28	,	1.78	,	0.71	,	0.112	,	0.051	,	0.237	,	0.003	,	0.019	,	0.091	,	0.051	,	0.014	,	0.014	,	0.003	,	3.91
72.2	,	3.22	,	1.72	,	0.67	,	0.117	,	0.056	,	0.206	,	0.007	,	0.025	,	0.124	,	0.038	,	0.011	,	0.01	,	0.001	,	3.84
82.4	,	3.24	,	1.91	,	0.8	,	0.114	,	0.054	,	0.295	,	0.002	,	0.019	,	0.058	,	0.046	,	0.013	,	0.007	,	0.003	,	3.92
74.8	,	3.25	,	1.81	,	0.8	,	0.111	,	0.055	,	0.289	,	0.007	,	0.02	,	0.111	,	0.047	,	0.013	,	0.013	,	0.001	,	3.89
82.8	,	3.24	,	1.84	,	0.78	,	0.109	,	0.058	,	0.269	,	0.013	,	0.021	,	0.102	,	0.047	,	0.013	,	0.012	,	0.002	,	3.89
82.8	,	3.22	,	1.93	,	0.7	,	0.116	,	0.063	,	0.232	,	0.009	,	0.021	,	0.09	,	0.046	,	0.012	,	0.014	,	0.001	,	3.9
82.4	,	3.3	,	1.9	,	0.71	,	0.106	,	0.074	,	0.235	,	0.002	,	0.016	,	0.135	,	0.039	,	0.011	,	0.015	,	0.002	,	3.96
84.8	,	3.23	,	1.87	,	0.83	,	0.12	,	0.078	,	0.286	,	0.009	,	0.025	,	0.121	,	0.043	,	0.014	,	0.015	,	0.002	,	3.9
77.2	,	3.29	,	1.9	,	0.81	,	0.133	,	0.071	,	0.248	,	0.004	,	0.021	,	0.093	,	0.047	,	0.014	,	0.015	,	0.001	,	3.97
80.4	,	3.24	,	1.88	,	0.77	,	0.118	,	0.058	,	0.24	,	0.006	,	0.019	,	0.091	,	0.045	,	0.012	,	0.012	,	0.001	,	3.9
88	,	3.21	,	1.74	,	0.76	,	0.113	,	0.057	,	0.251	,	0.004	,	0.024	,	0.12	,	0.041	,	0.012	,	0.012	,	0.001	,	3.83
80	,	3.24	,	1.85	,	0.77	,	0.103	,	0.062	,	0.316	,	0.005	,	0.024	,	0.117	,	0.038	,	0.013	,	0.016	,	0.002	,	3.89
84.4	,	3.3	,	1.94	,	0.84	,	0.132	,	0.067	,	0.251	,	0.01	,	0.022	,	0.112	,	0.045	,	0.012	,	0.015	,	0.001	,	3.99
74	,	3.21	,	1.8	,	0.76	,	0.109	,	0.066	,	0.209	,	0.002	,	0.019	,	0.129	,	0.042	,	0.011	,	0.015	,	0.001	,	3.85
76.8	,	3.22	,	1.83	,	0.83	,	0.114	,	0.063	,	0.309	,	0.004	,	0.021	,	0.09	,	0.036	,	0.011	,	0.014	,	0.002	,	3.87
82.8	,	3.15	,	1.82	,	0.76	,	0.113	,	0.059	,	0.302	,	0.005	,	0.017	,	0.074	,	0.049	,	0.013	,	0.014	,	0.001	,	3.79
79.2	,	3.18	,	1.96	,	0.79	,	0.113	,	0.061	,	0.276	,	0.004	,	0.024	,	0.092	,	0.045	,	0.012	,	0.015	,	0.22	,	3.87
65.4	,	3.17	,	1.7	,	0.68	,	0.12	,	0.065	,	0.222	,	0.002	,	0.026	,	0.029	,	0.037	,	0.01	,	0.014	,	0.22	,	3.77
62.8	,	3.26	,	1.87	,	0.78	,	0.107	,	0.056	,	0.216	,	0.004	,	0.018	,	0.089	,	0.05	,	0.014	,	0.013	,	0.001	,	3.92
85.2	,	3.18	,	1.88	,	0.84	,	0.117	,	0.061	,	0.286	,	0.01	,	0.031	,	0.092	,	0.042	,	0.012	,	0.014	,	0.001	,	3.85
69.2	,	3.3	,	1.83	,	0.71	,	0.104	,	0.053	,	0.205	,	0.002	,	0.024	,	0.098	,	0.04	,	0.01	,	0.014	,	0.003	,	3.95
71.6	,	3.2	,	1.86	,	0.74	,	0.093	,	0.066	,	0.24	,	0.007	,	0.022	,	0.181	,	0.036	,	0.008	,	0.014	,	0.002	,	3.85
68	,	3.26	,	1.89	,	0.76	,	0.112	,	0.059	,	0.293	,	0.004	,	0.024	,	0.102	,	0.047	,	0.013	,	0.016	,	0.002	,	3.92
80.8	,	3.23	,	1.92	,	0.78	,	0.113	,	0.06	,	0.259	,	0.004	,	0.015	,	0.099	,	0.05	,	0.013	,	0.015	,	0.002	,	3.91
76	,	3.27	,	1.94	,	0.75	,	0.1	,	0.056	,	0.261	,	0.002	,	0.023	,	0.085	,	0.043	,	0.012	,	0.013	,	0.002	,	3.95
86	,	3.222	,	1.73	,	0.71	,	0.107	,	0.073	,	0.259	,	0.004	,	0.016	,	0.104	,	0.041	,	0.011	,	0.008	,	0.002	,	3.84
80	,	3.18	,	1.81	,	0.76	,	0.112	,	0.058	,	0.288	,	0.007	,	0.023	,	0.119	,	0.045	,	0.013	,	0.013	,	0.001	,	3.82
76.8	,	3.28	,	1.89	,	0.77	,	0.11	,	0.053	,	0.233	,	0.003	,	0.014	,	0.088	,	0.043	,	0.012	,	0.009	,	0.002	,	3.95
84	,	3.27	,	1.79	,	0.71	,	0.105	,	0.083	,	0.257	,	0.002	,	0.018	,	0.127	,	0.041	,	0.011	,	0.009	,	0.002	,	3.9
88	,	3.29	,	1.75	,	0.76	,	0.087	,	0.06	,	0.263	,	0.006	,	0.018	,	0.173	,	0.038	,	0.011	,	0.013	,	0	,	3.9
80	,	3.27	,	2	,	0.74	,	0.103	,	0.072	,	0.288	,	0.002	,	0.019	,	0.111	,	0.041	,	0.011	,	0.011	,	0.002	,	3.97
80	,	3.15	,	1.8	,	0.85	,	0.1	,	0.064	,	0.246	,	0.002	,	0.021	,	0.135	,	0.036	,	0.011	,	0.01	,	0.003	,	3.78
76	,	3.23	,	1.82	,	0.73	,	0.118	,	0.07	,	0.251	,	0.008	,	0.035	,	0.107	,	0.047	,	0.014	,	0.013	,	0.002	,	3.88
82	,	3.23	,	1.83	,	0.82	,	0.105	,	0.074	,	0.313	,	0.004	,	0.023	,	0.107	,	0.043	,	0.016	,	0.011	,	0.002	,	3.87
86	,	3.27	,	1.9	,	0.78	,	0.087	,	0.083	,	0.233	,	0.006	,	0.014	,	0.1	,	0.043	,	0.012	,	0.011	,	0.002	,	4.01
84	,	3.29	,	1.79	,	0.765	,	0.095	,	0.073	,	0.265	,	0.002	,	0.016	,	0.091	,	0.047	,	0.013	,	0.014	,	0.002	,	3.92
84.8	,	3.26	,	1.71	,	0.69	,	0.1	,	0.054	,	0.217	,	0.002	,	0.021	,	0.133	,	0.042	,	0.011	,	0.012	,	0.002	,	3.88
78	,	3.3	,	1.73	,	0.83	,	0.083	,	0.047	,	0.286	,	0.007	,	0.023	,	0.165	,	0.037	,	0.011	,	0.012	,	0.002	,	3.91
82	,	3.21	,	1.78	,	0.8	,	0.108	,	0.06	,	0.287	,	0.005	,	0.024	,	0.109	,	0.043	,	0.011	,	0.011	,	0.002	,	3.84
80	,	3.21	,	1.9	,	0.85	,	0.113	,	0.067	,	0.256	,	0.006	,	0.019	,	0.088	,	0.048	,	0.014	,	0.01	,	0.002	,	3.88
80.8	,	3.3	,	1.73	,	0.78	,	0.097	,	0.058	,	0.251	,	0.002	,	0.016	,	0.096	,	0.045	,	0.012	,	0.001	,	0.002	,	3.91
82.8	,	3.19	,	1.87	,	0.83	,	0.104	,	0.064	,	0.275	,	0.006	,	0.12	,	0.112	,	0.041	,	0.011	,	0.01	,	0.001	,	3.85
72	,	3.49	,	2	,	0.58	,	0.094	,	0.092	,	0.093	,	0.002	,	0.016	,	0.089	,	0.052	,	0.011	,	0.014	,	0.001	,	4.19
82.4	,	3.28	,	1.79	,	0.8	,	0.092	,	0.06	,	0.281	,	0.007	,	0.02	,	0.0182	,	0.033	,	0.009	,	0.012	,	0.002	,	3.91
84.4	,	3.29	,	1.79	,	0.83	,	0.113	,	0.07	,	0.273	,	0.014	,	0.017	,	0.112	,	0.041	,	0.012	,	0.011	,	0.002	,	3.92
71.2	,	3.2	,	1.74	,	0.67	,	0.114	,	0.06	,	0.226	,	0.004	,	0.026	,	0.124	,	0.04	,	0.011	,	0.01	,	0.002	,	3.81
82.8	,	3.18	,	1.69	,	0.8	,	0.093	,	0.072	,	0.282	,	0.007	,	0.029	,	0.142	,	0.03	,	0.01	,	0.013	,	0.003	,	3.77
80.8	,	3.19	,	1.88	,	0.75	,	0.101	,	0.061	,	0.269	,	0.006	,	0.024	,	0.106	,	0.039	,	0.012	,	0.015	,	0.002	,	3.86
82	,	3.26	,	1.85	,	0.7	,	0.11	,	0.06	,	0.222	,	0.005	,	0.02	,	0.93	,	0.048	,	0.012	,	0.012	,	0.002	,	3.91
84	,	3.26	,	1.72	,	0.76	,	0.092	,	0.064	,	0.258	,	0.004	,	0.02	,	0.117	,	0.042	,	0.011	,	0.012	,	0.002	,	3.87
78.4	,	3.21	,	1.89	,	0.78	,	0.108	,	0.062	,	0.242	,	0.006	,	0.02	,	0.097	,	0.045	,	0.012	,	0.012	,	0.001	,	3.88
80	,	3.17	,	1.86	,	0.77	,	0.102	,	0.063	,	0.271	,	0.007	,	0.021	,	0.108	,	0.04	,	0.012	,	0.013	,	0.002	,	3.83
88	,	3.25	,	1.72	,	0.79	,	0.097	,	0.058	,	0.276	,	0.009	,	0.02	,	0.134	,	0.033	,	0.01	,	0.011	,	0.001	,	3.85
84.8	,	3.24	,	1.76	,	0.66	,	0.106	,	0.061	,	0.225	,	0.01	,	0.027	,	0.131	,	0.039	,	0.01	,	0.016	,	0.002	,	3.87
78	,	3.22	,	1.79	,	0.81	,	0.097	,	0.052	,	0.228	,	0.005	,	0.02	,	0.135	,	0.035	,	0.01	,	0.013	,	0.001	,	3.85
81.2	,	3.3	,	1.98	,	0.71	,	0.11	,	0.104	,	0.219	,	0.011	,	0.015	,	0.078	,	0.056	,	0.013	,	0.01	,	0.001	,	4
78.8	,	3.22	,	1.78	,	0.77	,	0.097	,	0.055	,	0.224	,	0.007	,	0.019	,	0.062	,	0.06	,	0.015	,	0.012	,	0.001	,	3.84
76	,	3.22	,	1.73	,	0.7	,	0.093	,	0.055	,	0.234	,	0.01	,	0.022	,	0.152	,	0.034	,	0.01	,	0.014	,	0.001	,	3.83
78	,	3.22	,	1.82	,	0.71	,	0.117	,	0.063	,	0.257	,	0.006	,	0.022	,	0.117	,	0.039	,	0.012	,	0.01	,	0.002	,	3.86
76	,	3.2	,	1.85	,	0.72	,	0.115	,	0.056	,	0.22	,	0.003	,	0.022	,	0.057	,	0.05	,	0.013	,	0.008	,	0.002	,	3.83
74.8	,	3.28	,	1.87	,	0.74	,	0.101	,	0.059	,	0.237	,	0.009	,	0.023	,	0.096	,	0.04	,	0.011	,	0.011	,	0.002	,	3.93
86	,	3.24	,	1.81	,	0.78	,	0.1	,	0.059	,	0.265	,	0.005	,	0.018	,	0.103	,	0.05	,	0.014	,	0.012	,	0.001	,	3.87
86	,	3.19	,	1.81	,	0.68	,	0.119	,	0.079	,	0.2	,	0.004	,	0.022	,	0.122	,	0.041	,	0.012	,	0.015	,	0.001	,	3.83
88	,	3.18	,	1.83	,	0.85	,	0.108	,	0.059	,	0.284	,	0.003	,	0.021	,	0.096	,	0.043	,	0.014	,	0.013	,	0.002	,	3.82
90	,	3.22	,	1.95	,	0.83	,	0.11	,	0.065	,	0.248	,	0.008	,	0.052	,	0.132	,	0.039	,	0.011	,	0.012	,	0.001	,	3.91
82.4	,	3.67	,	2.74	,	0.233	,	0.068	,	0.014	,	0.03	,	0.002	,	0.008	,	0.015	,	0.048	,	0.006	,	0.009	,	0.059	,	4.8
80	,	3.29	,	1.96	,	0.76	,	0.11	,	0.056	,	0.288	,	0.007	,	0.021	,	0.106	,	0.039	,	0.012	,	0.009	,	0.002	,	3.98
80	,	3.21	,	1.78	,	0.77	,	0.113	,	0.07	,	0.278	,	0.005	,	0.036	,	0.132	,	0.038	,	0.014	,	0.013	,	0.003	,	3.84
82.4	,	3.42	,	1.91	,	0.59	,	0.102	,	0.07	,	0.106	,	0.007	,	0.021	,	0.113	,	0.047	,	0.011	,	0.012	,	0.001	,	4.09
70	,	3.22	,	1.89	,	0.76	,	0.104	,	0.056	,	0.249	,	0.002	,	0.019	,	0.101	,	0.045	,	0.012	,	0.011	,	0.004	,	3.89
88.4	,	3.15	,	1.71	,	0.77	,	0.111	,	0.059	,	0.249	,	0.005	,	0.028	,	0.149	,	0.035	,	0.012	,	0.013	,	0.002	,	3.76
88	,	3.16	,	1.87	,	0.72	,	0.109	,	0.062	,	0.239	,	0.002	,	0.018	,	0.1041	,	0.041	,	0.013	,	0.006	,	0.002	,	3.82
70.8	,	3.17	,	1.83	,	0.76	,	0.107	,	0.059	,	0.307	,	0.002	,	0.019	,	0.078	,	0.051	,	0.018	,	0.009	,	0.002	,	3.81
80	,	3.5	,	2.04	,	0.63	,	0.115	,	0.063	,	0.102	,	0.002	,	0.014	,	0.08	,	0.06	,	0.014	,	0.01	,	0.002	,	4.22
74	,	3.2	,	1.85	,	0.75	,	0.146	,	0.063	,	0.273	,	0.005	,	0.019	,	0.092	,	0.043	,	0.013	,	0.011	,	0.002	,	3.87
80	,	3.25	,	1.79	,	0.71	,	0.105	,	0.069	,	0.22	,	0.004	,	0.017	,	0.123	,	0.04	,	0.012	,	0.01	,	0.003	,	3.88
86	,	3.22	,	1.86	,	0.79	,	0.111	,	0.052	,	0.276	,	0.002	,	0.023	,	0.089	,	0.038	,	0.011	,	0.008	,	0.002	,	3.88
86.4	,	3.3	,	1.82	,	0.85	,	0.117	,	0.06	,	0.28	,	0.005	,	0.027	,	0.093	,	0.039	,	0.011	,	0.009	,	0.003	,	3.95
82.4	,	3.22	,	1.87	,	0.78	,	0.112	,	0.07	,	0.305	,	0.006	,	0.024	,	0.12	,	0.036	,	0.011	,	0.013	,	0.002	,	3.88
82	,	3.25	,	1.85	,	0.65	,	0.111	,	0.058	,	0.251	,	0.005	,	0.023	,	0.101	,	0.037	,	0.011	,	0.011	,	0.002	,	3.91
80.2	,	3.15	,	1.86	,	0.79	,	0.109	,	0.055	,	0.245	,	0.005	,	0.024	,	0.093	,	0.044	,	0.012	,	0.009	,	0.002	,	3.81
68.4	,	3.16	,	1.85	,	0.76	,	0.1	,	0.055	,	0.223	,	0.007	,	0.023	,	0.109	,	0.038	,	0.012	,	0.011	,	0.001	,	3.81
64.2	,	3.2	,	1.93	,	0.68	,	0.115	,	0.064	,	0.285	,	0.002	,	0.022	,	0.083	,	0.047	,	0.013	,	0.009	,	0.004	,	3.88
80	,	3.23	,	1.85	,	0.74	,	0.113	,	0.052	,	0.258	,	0.008	,	0.024	,	0.089	,	0.041	,	0.012	,	0.011	,	0.002	,	3.89
82.2	,	3.15	,	1.74	,	0.76	,	0.105	,	0.058	,	0.284	,	0.007	,	0.019	,	0.149	,	0.029	,	0.009	,	0.012	,	0.002	,	3.76
72.4	,	3.22	,	1.89	,	0.83	,	0.118	,	0.052	,	0.248	,	0.22	,	0.023	,	0.078	,	0.046	,	0.013	,	0.008	,	0.003	,	3.87
84.2	,	3.27	,	1.84	,	0.73	,	0.11	,	0.05	,	0.274	,	0.002	,	0.014	,	0.081	,	0.043	,	0.012	,	0.004	,	0.002	,	3.92
68.4	,	3.23	,	1.84	,	0.78	,	0.113	,	0.062	,	0.276	,	0.008	,	0.024	,	0.102	,	0.046	,	0.014	,	0.015	,	0.002	,	3.88
82.2	,	3.28	,	1.76	,	0.78	,	0.101	,	0.058	,	0.271	,	0.011	,	0.023	,	0.175	,	0.04	,	0.015	,	0.016	,	0.002	,	3.9
86.2	,	3.3	,	1.86	,	0.78	,	0.114	,	0.056	,	0.207	,	0.01	,	0.014	,	0.124	,	0.042	,	0.013	,	0.002	,	0	,	3.96
92.2	,	3.13	,	2.01	,	0.88	,	0.105	,	0.051	,	0.276	,	0.011	,	0.023	,	0.271	,	0.042	,	0.017	,	0.021	,	0	,	3.84
78	,	3.27	,	1.93	,	0.72	,	0.097	,	0.062	,	0.292	,	0.007	,	0.022	,	0.118	,	0.049	,	0.013	,	0.017	,	0.002	,	3.94
86	,	3.22	,	1.95	,	0.81	,	0.118	,	0.055	,	0.243	,	0.01	,	0.013	,	0.081	,	0.053	,	0.015	,	0.001	,	0	,	3.91
80	,	3.29	,	1.88	,	0.74	,	0.097	,	0.051	,	0.255	,	0.005	,	0.018	,	0.075	,	0.059	,	0.013	,	0.015	,	0.002	,	3.95
84	,	3.27	,	1.89	,	0.79	,	0.117	,	0.053	,	0.267	,	0.004	,	0.02	,	0.117	,	0.049	,	0.013	,	0.015	,	0.002	,	3.94
80	,	3.27	,	1.83	,	0.73	,	0.088	,	0.068	,	0.288	,	0.003	,	0.014	,	0.08	,	0.034	,	0.011	,	0.008	,	0.002	,	3.91
80.4	,	3.55	,	1.94	,	0.64	,	0.12	,	0.054	,	0.124	,	0.004	,	0.015	,	0.096	,	0.061	,	0.013	,	0.014	,	0.002	,	4.24
88	,	3.26	,	1.88	,	0.84	,	0.102	,	0.067	,	0.301	,	0.004	,	0.022	,	0.109	,	0.04	,	0.013	,	0.014	,	0.002	,	3.93
80	,	3.15	,	1.71	,	0.7	,	0.091	,	0.052	,	0.03	,	0.005	,	0.015	,	0.075	,	0.032	,	0.01	,	0.006	,	0.001	,	3.75
78	,	3.3	,	1.9	,	1.79	,	0.77	,	0.084	,	0.071	,	0.251	,	0.004	,	0.014	,	0.096	,	0.044	,	0.013	,	0.008	,	0.001
84.8	,	3.2	,	1.76	,	0.71	,	0.121	,	0.069	,	0.25	,	0.006	,	0.022	,	0.129	,	0.039	,	0.017	,	0.015	,	0.001	,	3.83
84	,	3.28	,	1.78	,	0.76	,	0.102	,	0.07	,	0.247	,	0.003	,	0.019	,	0.113	,	0.042	,	0.011	,	0.014	,	0.002	,	3.91
78	,	3.23	,	1.88	,	0.67	,	0.105	,	0.053	,	0.222	,	0.008	,	0.021	,	0.114	,	0.046	,	0.012	,	0.015	,	0.002	,	3.89
78	,	3.21	,	1.74	,	0.76	,	0.082	,	0.063	,	0.239	,	0.008	,	0.014	,	0.013	,	0.033	,	0.009	,	0.005	,	0.001	,	3.81
84.8	,	3.53	,	2	,	0.61	,	0.117	,	0.074	,	0.105	,	0.006	,	0.017	,	0.096	,	0.058	,	0.015	,	0.014	,	0.001	,	4.23
84	,	3.25	,	1.95	,	0.71	,	0.111	,	0.062	,	0.198	,	0.002	,	0.019	,	0.077	,	0.05	,	0.011	,	0.013	,	0.004	,	3.94
80.8	,	3.52	,	1.96	,	0.59	,	0.11	,	0.079	,	0.117	,	0.004	,	0.012	,	0.117	,	0.055	,	0.014	,	0.015	,	0.002	,	4.21
81.2	,	3.21	,	2	,	0.73	,	0.118	,	0.059	,	0.236	,	0.003	,	0.016	,	0.111	,	0.044	,	0.012	,	0.013	,	0.002	,	3.92
78.8	,	3.26	,	1.74	,	0.72	,	0.097	,	0.059	,	0.26	,	0.004	,	0.016	,	0.104	,	0.046	,	0.009	,	0.013	,	0.002	,	3.87
72	,	3.2	,	1.86	,	0.79	,	0.112	,	0.074	,	0.245	,	0.004	,	0.024	,	0.163	,	0.044	,	0.015	,	0.017	,	0.002	,	3.86
82.4	,	3.15	,	1.71	,	0.7	,	0.091	,	0.052	,	0.3	,	0.005	,	0.015	,	0.075	,	0.032	,	0.01	,	0.006	,	0.001	,	3.75
74	,	3.15	,	1.89	,	0.77	,	0.105	,	0.07	,	0.321	,	0.005	,	0.024	,	0.128	,	0.038	,	0.012	,	0.015	,	0.002	,	3.82
78.8	,	3.26	,	1.9	,	0.72	,	0.111	,	0.061	,	0.234	,	0.005	,	0.019	,	0.106	,	0.039	,	0.011	,	0.006	,	0.001	,	3.93
86	,	3.2	,	1.96	,	0.79	,	0.113	,	0.06	,	0.296	,	0.004	,	0.021	,	0.108	,	0.046	,	0.013	,	0.016	,	0.002	,	3.89
80	,	3.21	,	1.98	,	0.8	,	0.141	,	0.071	,	0.333	,	0.006	,	0.019	,	0.112	,	0.044	,	0.013	,	0.014	,	0.003	,	3.91
76	,	3.26	,	1.88	,	0.77	,	0.125	,	0.062	,	0.217	,	0.008	,	0.015	,	0.117	,	0.044	,	0.013	,	0.013	,	0.001	,	3.93
80	,	3.3	,	1.79	,	0.71	,	0.099	,	0.063	,	0.268	,	0.002	,	0.013	,	0.05	,	0.061	,	0.013	,	0.012	,	0.003	,	3.93
80	,	3.18	,	1.88	,	0.73	,	0.103	,	0.068	,	0.282	,	0.004	,	0.022	,	0.111	,	0.04	,	0.013	,	0.015	,	0.003	,	3.84
82	,	3.24	,	1.74	,	0.85	,	0.114	,	0.061	,	0.256	,	0.003	,	0.02	,	0.077	,	0.06	,	0.019	,	0.014	,	0.003	,	3.86
74	,	3.27	,	1.83	,	0.74	,	0.14	,	0.061	,	0.237	,	0.006	,	0.017	,	0.121	,	0.044	,	0.015	,	0.014	,	0.002	,	3.93
82	,	3.28	,	1.87	,	0.76	,	0.105	,	0.067	,	0.267	,	0.002	,	0.022	,	0.102	,	0.042	,	0.013	,	0.014	,	0.003	,	3.94
82.4	,	3.48	,	1.98	,	0.58	,	0.107	,	0.071	,	0.103	,	0.005	,	0.012	,	0.138	,	0.059	,	0.014	,	0.017	,	0.002	,	4.18
80.3	,	3.27	,	1.9	,	0.72	,	0.111	,	0.071	,	0.243	,	0.003	,	0.017	,	0.087	,	0.051	,	0.015	,	0.015	,	0.002	,	3.94
80	,	3.52	,	1.97	,	0.66	,	0.112	,	0.057	,	0.118	,	0.002	,	0.011	,	0.044	,	0.067	,	0.013	,	0.014	,	0.001	,	4.22
80.8	,	3.27	,	1.84	,	0.74	,	0.11	,	0.058	,	0.257	,	0.002	,	0.012	,	0.041	,	0.066	,	0.016	,	0.013	,	0.001	,	3.92
74	,	3.28	,	1.87	,	0.72	,	0.115	,	0.058	,	0.25	,	0.002	,	0.015	,	0.078	,	0.056	,	0.015	,	0.014	,	0.003	,	3.94
80	,	3.25	,	1.72	,	0.71	,	0.088	,	0.066	,	0.252	,	0.004	,	0.014	,	0.118	,	0.035	,	0.012	,	0.001	,	0.002	,	3.85
80	,	3.3	,	1.74	,	0.74	,	0.098	,	0.063	,	0.272	,	0.005	,	0.019	,	0.106	,	0.041	,	0.014	,	0.01	,	0.002	,	3.91
84	,	3.2	,	1.84	,	0.8	,	0.119	,	0.059	,	0.294	,	0.008	,	0.024	,	0.114	,	0.043	,	0.012	,	0.014	,	0.003	,	3.85
76	,	3.26	,	1.88	,	0.8	,	0.104	,	0.05	,	0.256	,	0.004	,	0.018	,	0.122	,	0.043	,	0.013	,	0.015	,	0.001	,	3.92
80	,	3.21	,	1.78	,	0.85	,	0.105	,	0.061	,	0.286	,	0.006	,	0.018	,	0.079	,	0.052	,	0.016	,	0.012	,	0.006	,	3.84
82.8	,	3.24	,	1.83	,	0.73	,	0.12	,	0.057	,	0.208	,	0.007	,	0.021	,	0.12	,	0.048	,	0.013	,	0.011	,	0.001	,	3.89
76.8	,	3.32	,	1.88	,	0.77	,	0.12	,	0.058	,	0.205	,	0	,	0.021	,	0.111	,	0.047	,	0.012	,	0.016	,	0.002	,	3.99
72	,	3.27	,	1.88	,	0.71	,	0.105	,	0.065	,	0.261	,	0.005	,	0.023	,	0.073	,	0.055	,	0.016	,	0.013	,	0.001	,	3.83
78	,	3.25	,	1.91	,	0.7	,	0.115	,	0.064	,	0.247	,	0.007	,	0.021	,	0.086	,	0.042	,	0.012	,	0.014	,	0.001	,	3.93
84	,	3.18	,	1.75	,	0.7	,	0.077	,	0.06	,	0.242	,	0.004	,	0.022	,	0.213	,	0.034	,	0.01	,	0.012	,	0.003	,	3.79
72.4	,	3.25	,	1.88	,	0.75	,	0.116	,	0.062	,	0.278	,	0.004	,	0.017	,	0.074	,	0.043	,	0.012	,	0.014	,	0.001	,	3.92
70	,	3.3	,	1.74	,	0.75	,	0.103	,	0.059	,	0.263	,	0.011	,	0.018	,	0.084	,	0.046	,	0.01	,	0.014	,	0.001	,	3.91
80	,	3.2	,	1.9	,	0.76	,	0.11	,	0.054	,	0.258	,	0.006	,	0.022	,	0.112	,	0.042	,	0.01	,	0.015	,	0.002	,	3.87
80	,	3.15	,	1.94	,	0.84	,	0.108	,	0.058	,	0.296	,	0.006	,	0.021	,	0.094	,	0.049	,	0.014	,	0.012	,	0.002	,	3.83
78	,	3.54	,	1.91	,	0.65	,	0.121	,	0.06	,	0.11	,	0.004	,	0.011	,	0.034	,	0.071	,	0.013	,	0.013	,	0.001	,	4.21
78	,	3.15	,	1.82	,	0.81	,	0.086	,	0.063	,	0.281	,	0.011	,	0.024	,	0.196	,	0.034	,	0.01	,	0.014	,	0	,	3.79
74	,	3.21	,	1.84	,	0.77	,	0.11	,	0.051	,	0.252	,	0.006	,	0.021	,	0.109	,	0.046	,	0.013	,	0.015	,	0.001	,	3.86
86	,	3.54	,	1.98	,	0.72	,	0.122	,	0.064	,	0.121	,	0.004	,	0.01	,	0.058	,	0.064	,	0.012	,	0.013	,	0.002	,	4.24
80.8	,	3.26	,	1.74	,	0.73	,	0.073	,	0.052	,	0.228	,	0.004	,	0.021	,	0.137	,	0.04	,	0.01	,	0.013	,	0.002	,	3.87
86	,	3.53	,	1.92	,	0.61	,	0.112	,	0.078	,	0.123	,	0.004	,	0.03	,	0.08	,	0.046	,	0.009	,	0.009	,	0.002	,	4.21
74	,	3.25	,	1.77	,	0.7	,	0.074	,	0.051	,	0.243	,	0.002	,	0.018	,	0.157	,	0.0355	,	0.01	,	0.012	,	0.002	,	3.86
70	,	3.66	,	2.73	,	0.254	,	0.055	,	0.011	,	0.033	,	0.002	,	0.005	,	0.009	,	0.035	,	0.006	,	0.014	,	0.056	,	4.95
74	,	3.24	,	1.89	,	0.8	,	0.115	,	0.058	,	0.282	,	0.009	,	0.024	,	0.091	,	0.046	,	0.012	,	0.014	,	0.001	,	3.91
880	,	3.15	,	1.97	,	0.74	,	0.066	,	0.056	,	0.238	,	0.005	,	0.013	,	0.107	,	0.039	,	0.008	,	0.016	,	0.002	,	3.83
772	,	3.23	,	1.86	,	0.71	,	0.105	,	0.066	,	0.237	,	0.005	,	0.022	,	0.112	,	0.044	,	0.013	,	0.015	,	0.002	,	3.88
76	,	3.23	,	1.78	,	0.76	,	0.113	,	0.06	,	0.248	,	0.005	,	0.021	,	0.12	,	0.043	,	0.013	,	0.013	,	0.002	,	3.86
76	,	3.24	,	1.8	,	0.79	,	0.103	,	0.058	,	0.239	,	0.007	,	0.018	,	0.107	,	0.038	,	0.01	,	0.014	,	0.001	,	3.87
74	,	3.17	,	1.86	,	0.76	,	0.06	,	0.07	,	0.228	,	0.004	,	0.004	,	0.042	,	0.056	,	0.013	,	0.001	,	0.001	,	3.79
78	,	3.15	,	1.76	,	0.78	,	0.079	,	0.056	,	0.209	,	0.004	,	0.018	,	0.162	,	0.034	,	0.011	,	0.012	,	0.002	,	3.76
74.4	,	3.24	,	1.74	,	0.74	,	0.104	,	0.057	,	0.265	,	0.013	,	0.021	,	0.128	,	0.034	,	0.01	,	0.012	,	0.001	,	3.85
76	,	3.25	,	1.85	,	0.81	,	0.099	,	0.059	,	0.246	,	0.011	,	0.022	,	0.092	,	0.046	,	0.012	,	0.012	,	0.001	,	3.9
76	,	3.22	,	1.8	,	0.81	,	0.113	,	0.059	,	0.301	,	0.004	,	0.022	,	0.087	,	0.048	,	0.015	,	0.013	,	0.001	,	3.86
74.46	,	3.3	,	1.93	,	0.79	,	0.107	,	0.056	,	0.293	,	0.002	,	0.02	,	0.11	,	0.039	,	0.013	,	0.01	,	0.003	,	3.96
78.6	,	3.15	,	1.93	,	0.8	,	0.11	,	0.061	,	0.23	,	0.005	,	0.02	,	0.095	,	0.048	,	0.013	,	0.012	,	0.002	,	3.83
70.8	,	3.3	,	1.93	,	0.78	,	0.105	,	0.068	,	0.265	,	0.006	,	0.025	,	0.107	,	0.43	,	0.013	,	0.014	,	0.002	,	3.98
78.4	,	3.29	,	1.78	,	0.78	,	0.106	,	0.075	,	0.223	,	0.007	,	0.028	,	0.099	,	0.037	,	0.013	,	0.011	,	0.002	,	3.92
68.8	,	3.24	,	1.83	,	0.73	,	0.108	,	0.063	,	0.247	,	0.002	,	0.026	,	0.111	,	0.042	,	0.013	,	0.008	,	0.003	,	3.88
74.8	,	3.21	,	1.97	,	0.76	,	0.105	,	0.056	,	0.278	,	0.006	,	0.018	,	0.089	,	0.049	,	0.012	,	0.009	,	0.001	,	3.9
80	,	3.21	,	1.74	,	0.66	,	0.109	,	0.067	,	0.012	,	0.01	,	0.026	,	0.152	,	0.035	,	0.01	,	0.016	,	0.001	,	3.83
78	,	3.26	,	1.76	,	0.78	,	0.096	,	0.06	,	0.271	,	0.002	,	0.014	,	0.066	,	0.048	,	0.014	,	0.009	,	0.002	,	3.87
80	,	3.24	,	1.77	,	0.72	,	0.105	,	0.056	,	0.252	,	0.012	,	0.022	,	0.102	,	0.041	,	0.012	,	0.012	,	0.002	,	3.87
78	,	3.28	,	1.91	,	0.78	,	0.113	,	0.057	,	0.254	,	0.002	,	0.021	,	0.101	,	0.051	,	0.012	,	0.011	,	0.002	,	3.96
74	,	3.28	,	1.87	,	0.77	,	0.109	,	0.057	,	0.253	,	0.011	,	0.025	,	0.113	,	0.045	,	0.015	,	0.008	,	0.002	,	3.94
84	,	3.26	,	1.87	,	0.72	,	0.11	,	0.065	,	0.262	,	0.002	,	0.025	,	0.096	,	0.045	,	0.014	,	0.008	,	0.002	,	3.92
80	,	3.19	,	1.71	,	0.82	,	0.099	,	0.064	,	0.284	,	0.003	,	0.023	,	0.147	,	0.033	,	0.009	,	0.011	,	0.004	,	3.8
82.8	,	3.22	,	1.86	,	0.81	,	0.107	,	0.06	,	0.245	,	0.002	,	0.014	,	0.081	,	0.051	,	0.016	,	0.008	,	0.002	,	3.88
78.4	,	3.24	,	1.96	,	0.83	,	0.113	,	0.06	,	0.295	,	0.002	,	0.02	,	0.09	,	0.05	,	0.013	,	0.01	,	0.002	,	3.94
84	,	3.18	,	1.99	,	0.84	,	0.103	,	0.056	,	0.337	,	0.006	,	0.019	,	0.077	,	0.045	,	0.011	,	0.014	,	0.002	,	3.87
84.4	,	3.26	,	1.79	,	0.71	,	0.103	,	0.068	,	0.241	,	0.006	,	0.021	,	0.126	,	0.036	,	0.011	,	0.011	,	0.002	,	3.89
82	,	3.2	,	1.84	,	0.8	,	0.108	,	0.059	,	0.239	,	0.002	,	0.019	,	0.097	,	0.046	,	0.012	,	0.009	,	0.003	,	3.85
80.8	,	3.3	,	1.92	,	0.76	,	0.099	,	0.051	,	0.222	,	0.002	,	0.019	,	0.086	,	0.046	,	0.011	,	0.011	,	0.004	,	3.81
80	,	3.15	,	1.76	,	0.74	,	0.103	,	0.065	,	0.231	,	0.004	,	0.019	,	0.112	,	0.036	,	0.012	,	0.009	,	0.003	,	3.77
78.8	,	3.53	,	2.01	,	0.56	,	0.083	,	0.095	,	0.083	,	0.007	,	0.016	,	0.133	,	0.047	,	0.008	,	0.013	,	0.003	,	4.23
78	,	3.2	,	1.85	,	0.78	,	0.083	,	0.065	,	0.26	,	0.002	,	0.013	,	0.111	,	0.034	,	0.011	,	0.001	,	0.001	,	3.84
82	,	3.23	,	1.7	,	0.68	,	0.111	,	0.06	,	0.22	,	0.008	,	0.037	,	0.102	,	0.033	,	0.01	,	0.009	,	0.002	,	3.83
76.8	,	3.26	,	1.9	,	0.76	,	0.116	,	0.062	,	0.237	,	0.005	,	0.022	,	0.064	,	0.045	,	0.012	,	0.006	,	0.002	,	3.93
78.4	,	3.51	,	1.95	,	0.64	,	0.115	,	0.104	,	0.109	,	0.005	,	0.023	,	0.098	,	0.054	,	0.012	,	0.009	,	0.003	,	4.19
80	,	3.54	,	2.05	,	0.64	,	0.112	,	0.085	,	0.098	,	0.004	,	0.014	,	0.061	,	0.061	,	0.013	,	0.011	,	0.001	,	4.26
72	,	3.18	,	1.86	,	0.8	,	0.111	,	0.057	,	0.267	,	0.002	,	0.019	,	0.092	,	0.044	,	0.012	,	0.007	,	0.002	,	3.83
86	,	3.45	,	1.93	,	0.69	,	0.116	,	0.071	,	0.086	,	0.003	,	0.012	,	0.098	,	0.05	,	0.009	,	0.011	,	0.002	,	4.13
82	,	3.21	,	1.9	,	0.69	,	0.116	,	0.056	,	0.236	,	0.007	,	0.022	,	0.106	,	0.035	,	0.012	,	0.01	,	0.002	,	3.89
82.4	,	3.47	,	1.97	,	0.55	,	0.183	,	0.82	,	0.088	,	0.012	,	0.064	,	0.109	,	0.043	,	0.011	,	0.014	,	0	,	4.16
78	,	3.25	,	1.9	,	0.8	,	0.109	,	0.059	,	0.258	,	0.004	,	0.018	,	0.116	,	0.04	,	0.01	,	0.011	,	0.002	,	3.92
76.8	,	3.28	,	1.9	,	0.72	,	0.117	,	0.055	,	0.213	,	0.002	,	0.017	,	0.086	,	0.049	,	0.014	,	0.006	,	0.002	,	3.95
86	,	3.17	,	1.78	,	0.79	,	0.112	,	0.057	,	0.268	,	0.005	,	0.032	,	0.096	,	0.04	,	0.012	,	0.009	,	0.002	,	3.8
86.4	,	3.24	,	1.71	,	0.75	,	0.122	,	0.06	,	0.273	,	0.006	,	0.026	,	0.118	,	0.035	,	0.011	,	0.009	,	0.002	,	3.92
76.8	,	3.22	,	1.9	,	0.76	,	0.102	,	0.053	,	0.277	,	0.009	,	0.021	,	0.097	,	0.037	,	0.011	,	0.012	,	0.002	,	3.88
86.8	,	3.28	,	1.8	,	0.87	,	0.113	,	0.076	,	0.283	,	0.002	,	0.021	,	0.057	,	0.054	,	0.018	,	0.003	,	0.002	,	3.92
81.2	,	3.27	,	1.82	,	0.73	,	0.118	,	0.067	,	0.216	,	0.004	,	0.016	,	0.062	,	0.056	,	0.013	,	0.013	,	0.001	,	3.92
78.4	,	3.29	,	1.86	,	0.72	,	0.113	,	0.055	,	0.254	,	0.007	,	0.022	,	0.102	,	0.037	,	0.013	,	0.01	,	0.001	,	3.94
82	,	3.5	,	1.91	,	0.68	,	0.102	,	0.075	,	0.121	,	0.005	,	0.022	,	0.081	,	0.051	,	0.011	,	0.006	,	0.002	,	4.17
78	,	3.31	,	1.86	,	0.7	,	0.1	,	0.065	,	0.182	,	0.01	,	0.033	,	0.161	,	0.036	,	0.009	,	0.012	,	0.003	,	3.96
76.8	,	3.54	,	1.98	,	0.58	,	0.079	,	0.1	,	0.07	,	0.007	,	0.016	,	0.113	,	0.048	,	0.009	,	0.012	,	0.003	,	4.23
78	,	8.23	,	1.76	,	0.72	,	0.066	,	0.057	,	0.244	,	0.006	,	0.015	,	0.047	,	0.032	,	0.009	,	0.001	,	0.001	,	3.84
78.8	,	3.29	,	1.84	,	0.72	,	0.071	,	0.073	,	0.281	,	0.002	,	0.018	,	0.12	,	0.036	,	0.01	,	0.011	,	0.003	,	3.93
74	,	3.5	,	1.95	,	0.67	,	0.09	,	0.108	,	0.134	,	0.004	,	0.016	,	0.157	,	0.04	,	0.007	,	0.013	,	0	,	4.18
78	,	3.47	,	1.92	,	0.59	,	0.121	,	0.073	,	0.1	,	0.002	,	0.016	,	0.046	,	0.056	,	0.012	,	0.008	,	0.003	,	4.15
84.4	,	3.3	,	1.89	,	0.73	,	0.114	,	0.058	,	0.246	,	0.008	,	0.023	,	0.094	,	0.042	,	0.013	,	0.009	,	0.002	,	3.97
